N P1 P2 P3
4   6.922799137919494E-4  2.7261056229482844E-4  3.608363880512246E-4
5   0.07169980947065774   0.024713437198889333   0.03814156323171843
6   0.6989102522007227    0.3128934001288675     0.44919028457222027
7   0.22858120880650443   0.1585644452450216     0.20279241730881672
8   1.1640093425322004E-4 0.328365095119863      0.2535438862315804
9   0.0                   0.114902211983963      0.05324042431004608
10  0.0                   0.05119772921628553    0.0024991612233522314
11  0.0                   0.008631726202227666   2.3050289079574814E-4
12  0.0                   4.592053430296848E-4   7.010158630413365E-7
