N  P1 P2  P3
10   0.053555374772700906  0.0                      0.01858167656882896
11   0.8726849489558522    0.0                      0.3306969989925208
12   0.07375960596092002   0.0                      0.06356093939462407
13   0.0                   0.0                      0.3635107799995475
14   0.0                   0.0                      0.04994253443518431
15   0.0                   0.0011796840843265042    0.13684731287471288
16   0.0                   0.06531876935583038      0.014519056301676783
17   0.0                   0.35798738384909623      0.019957842440335407
18   0.0                   0.43169006499990015      0.001498566762398523
19   0.0                   0.13496178868742453      8.555418210724671E-4
20   0.0                   0.008862002921044103     2.8613317493941858E-5

