N   P1 P2 P3
10  0.047693772174496496  0.0                   0.0029349539029002256
11  0.7892195178886123    0.0                   0.062372670993920666
12  0.16308657607717078   0.0                   0.03316567367507504
13  0.0                   0.0                   0.21639181867486706
14  0.0                   0.0                   0.08563893499954889
15  0.0                   0.006886899111275914  0.27669134908766757
16  0.0                   0.16777859397848144   0.08907161950179093
17  0.0                   0.43427181423278305   0.1555425359438826
18  0.0                   0.31621835984141167   0.03953105965934402
19  0.0                   0.07117777758970226   0.0327977090217922
20  0.0                   0.003666159721229455  0.005861449490308827
