N	P1 P2 P3
4   2.551657797412153E-4  2.5999390181863913E-5  5.7883125377925376E-5
5   0.053355226156693594  0.004656099141844129   0.013672633866248868
6   0.48053226874179833   0.0713230714238266     0.15686161040385305
7   0.4195044111352917    0.12478903981075314    0.2248692170808529
8   0.04635285997215484   0.3124734567650964     0.2962986512289202
9   0.0                   0.31782558255660753    0.1643041145389293
10  0.0                   0.13556161718264592    0.07951692355597767
11  0.0                   0.03130714701915077    0.049467453440600745
12  0.0                   0.0020376954451823207  0.014951205535979391
