#N P1 P2 P3 Speedup 1 1 1
12 0 0.0004592053 0.000000701 1 1 0.9995407947 0.999999299
11 0 0.0086317262 0.0002305029 1.0909090909 1 0.9909090685 0.9997687961
10 0 0.0511977292 0.0024991612 1.2 1 0.9397113392 0.9972696349
9 0 0.114902212 0.0532404243 1.3333333333 1 0.8248091273 0.9440292106
8 0.0001164009 0.3283650951 0.2535438862 1.5 0.9998835991 0.4964440321 0.6904853243
7 0.2285812088 0.1585644452 0.2027924173 1.7142857143 0.7713023903 0.3378795869 0.487692907
6 0.6989102522 0.3128934001 0.4491902846 2 0.0723921381 0.0249861868 0.0385026224
5 0.0716998095 0.0247134372 0.0381415632 2.4 0.0006923286 0.0002727496 0.0003610592
4 0.0006922799 0.0002726106 0.0003608364 3 4.86740700936846E-008 0.000000139 2.22827556317607E-007
