#N P1 P2 P3 Speedup 1 1 1
12 0 0.0020376954 0.0149512055 1 1 0.9979623046 0.9850487945
11 0 0.031307147 0.0494674534 1.0909090909 1 0.9666551575 0.935581341
10 0 0.1355616172 0.0795169236 1.2 1 0.8310935404 0.8560644175
9 0 0.3178255826 0.1643041145 1.3333333333 1 0.5132679578 0.6917603029
8 0.04635286 0.3124734568 0.2962986512 1.5 0.95364714 0.200794501 0.3954616517
7 0.4195044111 0.1247890398 0.2248692171 1.7142857143 0.5341427289 0.0760054612 0.1705924346
6 0.4805322687 0.0713230714 0.1568616104 2 0.0536104602 0.0046823898 0.0137308242
5 0.0533552262 0.0046560991 0.0136726339 2.4 0.000255234 2.62906548929992E-005 5.81903486382394E-005
4 0.0002551658 2.59993901818639E-005 5.78831253779254E-005 3 6.82143203408121E-008 2.912647111353E-007 3.0722326031404E-007
