#N P1 P2 P3 speedup 1 1 1
20 0 0.0088620029 2.86133174939419E-005 1 1 0.9911379971 0.9999713867
19 0 0.1349617887 0.0008555418 1.0526315789 1 0.8561762084 0.9991158449
18 0 0.431690065 0.0014985668 1.1111111111 1 0.4244861434 0.9976172781
17 0 0.3579873838 0.0199578424 1.1764705882 1 0.0664987595 0.9776594357
16 0 0.0653187694 0.0145190563 1.25 1 0.0011799902 0.9631403794
15 0 0.0011796841 0.1368473129 1.3333333333 1 3.06102377907631E-007 0.8262930665
14 0 0 0.0499425344 1.4285714286 1 3.06102377907631E-007 0.776350532
13 0 0 0.36351078 1.5384615385 1 3.06102377907631E-007 0.412839752
12 0.073759606 0 0.0635609394 1.6666666667 0.926240394 3.06102377907631E-007 0.3492788127
11 0.872684949 0 0.330696999 1.8181818182 0.0535554451 3.06102377907631E-007 0.0185818137
10 0.0535553748 0 0.0185816766 2 7.03105270602467E-008 3.06102377907631E-007 1.37091604429651E-007
