#N P1 P2 P3 Speedup 1 1 1
20 0 0.0036661597 0.0058614495 1 1 0.9963338403 0.9941385505
19 0 0.0711777776 0.032797709 1.0526315789 1 0.9251560627 0.9613408415
18 0 0.3162183598 0.0395310597 1.1111111111 1 0.6089377028 0.9218097818
17 0 0.4342718142 0.1555425359 1.1764705882 1 0.1746658886 0.7662672459
16 0 0.167778594 0.0890716195 1.25 1 0.0068872946 0.6771956264
15 0 0.0068868991 0.2766913491 1.3333333333 1 3.95525116266698E-007 0.4005042773
14 0 0 0.085638935 1.4285714286 1 3.95525116266698E-007 0.3148653423
13 0 0 0.2163918187 1.5384615385 1 3.95525116266698E-007 0.0984735236
12 0.1630865761 0 0.0331656737 1.6666666667 0.8369134239 3.95525116266698E-007 0.0653078499
11 0.7892195179 0 0.062372671 1.8181818182 0.047693906 3.95525116266698E-007 0.002935179
10 0.0476937722 0 0.0029349539 2 1.33859720363727E-007 3.95525116266698E-007 0.000000225
